1
1
0.999998
0.999996
0.999992
0.999988
0.999982
0.999976
0.999968
0.99996
0.99995
0.99994
0.999928
0.999916
0.999902
0.999888
0.999872
0.999856
0.999838
0.99982
0.9998
0.99978
0.999758
0.999736
0.999712
0.999688
0.999662
0.999636
0.999608
0.99958
0.99955
0.99952
0.999488
0.999456
0.999422
0.999388
0.999352
0.999316
0.999278
0.99924
0.9992
0.99916
0.999118
0.999076
0.999032
0.998988
0.998942
0.998896
0.998848
0.9988
0.99875
0.9987
0.998648
0.998596
0.998542
0.998488
0.998432
0.998376
0.998318
0.99826
0.998201
0.99814
0.998079
0.998016
0.997953
0.997888
0.997823
0.997756
0.997689
0.99762
0.997551
0.997481
0.997409
0.997337
0.997263
0.997189
0.997113
0.997037
0.99696
0.996881
0.996802
0.996721
0.99664
0.996557
0.996474
0.99639
0.996304
0.996218
0.99613
0.996042
0.995953
0.995862
0.995771
0.995679
0.995585
0.995491
0.995396
0.995299
0.995202
0.995104
0.995004
0.994904
0.994803
0.9947
0.994597
0.994493
0.994387
0.994281
0.994174
0.994065
0.993956
0.993846
0.993735
0.993622
0.993509
0.993395
0.99328
0.993163
0.993046
0.992928
0.992809
0.992688
0.992567
0.992445
0.992322
0.992198
0.992072
0.991946
0.991819
0.991691
0.991562
0.991432
0.991301
0.991169
0.991035
0.990901
0.990766
0.99063
0.990493
0.990355
0.990216
0.990076
0.989935
0.989793
0.98965
0.989506
0.989361
0.989215
0.989068
0.98892
0.988771
0.988621
0.98847
0.988318
0.988165
0.988012
0.987857
0.987701
0.987544
0.987386
0.987227
0.987067
0.986907
0.986745
0.986582
0.986418
0.986254
0.986088
0.985921
0.985753
0.985585
0.985415
0.985244
0.985073
0.9849
0.984727
0.984552
0.984376
0.9842
0.984022
0.983844
0.983664
0.983484
0.983302
0.98312
0.982936
0.982752
0.982566
0.98238
0.982193
0.982004
0.981815
0.981625
0.981433
0.981241
0.981048
0.980853
0.980658
0.980462
0.980265
0.980067
0.979867
0.979667
0.979466
0.979264
0.979061
0.978857
0.978652
0.978446
0.978239
0.978031
0.977822
0.977612
0.977401
0.977189
0.976976
0.976763
0.976548
0.976332
0.976115
0.975897
0.975679
0.975459
0.975238
0.975017
0.974794
0.974571
0.974346
0.97412
0.973894
0.973666
0.973438
0.973208
0.972978
0.972747
0.972514
0.972281
0.972047
0.971811
0.971575
0.971338
0.9711
0.970861
0.97062
0.970379
0.970137
0.969894
0.96965
0.969405
0.969159
0.968912
0.968665
0.968416
0.968166
0.967915
0.967663
0.967411
0.967157
0.966902
0.966647
0.96639
0.966132
0.965874
0.965614
0.965354
0.965093
0.96483
0.964567
0.964302
0.964037
0.963771
0.963504
0.963236
0.962966
0.962696
0.962425
0.962153
0.96188
0.961606
0.961331
0.961055
0.960779
0.960501
0.960222
0.959942
0.959662
0.95938
0.959097
0.958814
0.958529
0.958244
0.957957
0.95767
0.957382
0.957092
0.956802
0.956511
0.956219
0.955926
0.955632
0.955336
0.95504
0.954744
0.954446
0.954147
0.953847
0.953546
0.953244
0.952942
0.952638
0.952334
0.952028
0.951722
0.951414
0.951106
0.950796
0.950486
0.950175
0.949863
0.94955
0.949235
0.94892
0.948604
0.948287
0.94797
0.947651
0.947331
0.94701
0.946689
0.946366
0.946042
0.945718
0.945392
0.945066
0.944739
0.94441
0.944081
0.943751
0.94342
0.943088
0.942755
0.942421
0.942086
0.94175
0.941413
0.941075
0.940737
0.940397
0.940057
0.939715
0.939373
0.939029
0.938685
0.93834
0.937994
0.937646
0.937298
0.936949
0.936599
0.936249
0.935897
0.935544
0.93519
0.934836
0.93448
0.934124
0.933766
0.933408
0.933049
0.932688
0.932327
0.931965
0.931602
0.931238
0.930873
0.930508
0.930141
0.929773
0.929405
0.929035
0.928665
0.928293
0.927921
0.927548
0.927174
0.926798
0.926422
0.926045
0.925668
0.925289
0.924909
0.924528
0.924147
0.923764
0.923381
0.922997
0.922611
0.922225
0.921838
0.92145
0.921061
0.920671
0.92028
0.919889
0.919496
0.919102
0.918708
0.918313
0.917916
0.917519
0.917121
0.916722
0.916322
0.915921
0.915519
0.915116
0.914713
0.914308
0.913903
0.913496
0.913089
0.912681
0.912272
0.911862
0.911451
0.911039
0.910626
0.910212
0.909798
0.909382
0.908966
0.908548
0.90813
0.907711
0.907291
0.90687
0.906448
0.906025
0.905602
0.905177
0.904752
0.904325
0.903898
0.90347
0.903041
0.902611
0.90218
0.901748
0.901315
0.900882
0.900447
0.900012
0.899575
0.899138
0.8987
0.898261
0.897821
0.89738
0.896939
0.896496
0.896052
0.895608
0.895163
0.894717
0.89427
0.893822
0.893373
0.892923
0.892472
0.892021
0.891568
0.891115
0.890661
0.890206
0.88975
0.889293
0.888835
0.888376
0.887917
0.887456
0.886995
0.886533
0.88607
0.885606
0.885141
0.884675
0.884208
0.883741
0.883272
0.882803
0.882333
0.881862
0.88139
0.880917
0.880443
0.879969
0.879493
0.879017
0.87854
0.878062
0.877583
0.877103
0.876622
0.87614
0.875658
0.875174
0.87469
0.874205
0.873719
0.873232
0.872745
0.872256
0.871766
0.871276
0.870785
0.870293
0.8698
0.869306
0.868811
0.868316
0.867819
0.867322
0.866824
0.866325
0.865825
0.865324
0.864822
0.86432
0.863816
0.863312
0.862807
0.862301
0.861794
0.861287
0.860778
0.860269
0.859758
0.859247
0.858735
0.858222
0.857709
0.857194
0.856679
0.856162
0.855645
0.855127
0.854608
0.854089
0.853568
0.853047
0.852525
0.852001
0.851477
0.850953
0.850427
0.8499
0.849373
0.848845
0.848316
0.847786
0.847255
0.846724
0.846191
0.845658
0.845124
0.844589
0.844053
0.843516
0.842979
0.84244
0.841901
0.841361
0.84082
0.840278
0.839736
0.839192
0.838648
0.838103
0.837557
0.83701
0.836463
0.835914
0.835365
0.834815
0.834264
0.833712
0.833159
0.832606
0.832052
0.831497
0.830941
0.830384
0.829826
0.829268
0.828709
0.828148
0.827588
0.827026
0.826463
0.8259
0.825336
0.824771
0.824205
0.823638
0.82307
0.822502
0.821933
0.821363
0.820792
0.82022
0.819648
0.819075
0.818501
0.817926
0.81735
0.816773
0.816196
0.815618
0.815039
0.814459
0.813878
0.813297
0.812715
0.812132
0.811548
0.810963
0.810378
0.809791
0.809204
0.808616
0.808028
0.807438
0.806848
0.806256
0.805664
0.805072
0.804478
0.803884
0.803289
0.802693
0.802096
0.801498
0.8009
0.800301
0.799701
0.7991
0.798498
0.797896
0.797293
0.796689
0.796084
0.795478
0.794872
0.794265
0.793657
0.793048
0.792438
0.791828
0.791217
0.790605
0.789992
0.789379
0.788764
0.788149
0.787533
0.786917
0.786299
0.785681
0.785062
0.784442
0.783822
0.7832
0.782578
0.781955
0.781331
0.780707
0.780082
0.779456
0.778829
0.778201
0.777573
0.776944
0.776314
0.775683
0.775051
0.774419
0.773786
0.773152
0.772518
0.771882
0.771246
0.770609
0.769971
0.769333
0.768694
0.768054
0.767413
0.766771
0.766129
0.765486
0.764842
0.764198
0.763552
0.762906
0.762259
0.761612
0.760963
0.760314
0.759664
0.759013
0.758362
0.75771
0.757057
0.756403
0.755748
0.755093
0.754437
0.75378
0.753123
0.752465
0.751806
0.751146
0.750485
0.749824
0.749162
0.748499
0.747836
0.747172
0.746507
0.745841
0.745174
0.744507
0.743839
0.74317
0.742501
0.741831
0.74116
0.740488
0.739816
0.739142
0.738469
0.737794
0.737119
0.736442
0.735766
0.735088
0.73441
0.73373
0.733051
0.73237
0.731689
0.731007
0.730324
0.729641
0.728956
0.728272
0.727586
0.7269
0.726212
0.725525
0.724836
0.724147
0.723457
0.722766
0.722075
0.721382
0.720689
0.719996
0.719302
0.718606
0.717911
0.717214
0.716517
0.715819
0.71512
0.714421
0.713721
0.71302
0.712319
0.711616
0.710914
0.71021
0.709506
0.708801
0.708095
0.707388
0.706681
0.705973
0.705265
0.704555
0.703845
0.703135
0.702423
0.701711
0.700998
0.700285
0.699571
0.698856
0.69814
0.697424
0.696707
0.695989
0.695271
0.694552
0.693832
0.693111
0.69239
0.691668
0.690946
0.690222
0.689498
0.688774
0.688048
0.687322
0.686596
0.685868
0.68514
0.684412
0.683682
0.682952
0.682221
0.68149
0.680758
0.680025
0.679291
0.678557
0.677822
0.677087
0.67635
0.675613
0.674876
0.674137
0.673399
0.672659
0.671919
0.671178
0.670436
0.669694
0.668951
0.668207
0.667463
0.666718
0.665972
0.665226
0.664479
0.663731
0.662983
0.662234
0.661484
0.660734
0.659983
0.659232
0.658479
0.657726
0.656973
0.656219
0.655464
0.654708
0.653952
0.653195
0.652437
0.651679
0.65092
0.650161
0.649401
0.64864
0.647879
0.647117
0.646354
0.645591
0.644827
0.644062
0.643297
0.642531
0.641764
0.640997
0.640229
0.63946
0.638691
0.637922
0.637151
0.63638
0.635608
0.634836
0.634063
0.63329
0.632515
0.63174
0.630965
0.630189
0.629412
0.628635
0.627857
0.627078
0.626299
0.625519
0.624738
0.623957
0.623175
0.622393
0.62161
0.620826
0.620042
0.619257
0.618472
0.617686
0.616899
0.616111
0.615324
0.614535
0.613746
0.612956
0.612166
0.611374
0.610583
0.609791
0.608998
0.608204
0.60741
0.606615
0.60582
0.605024
0.604228
0.603431
0.602633
0.601835
0.601036
0.600236
0.599436
0.598635
0.597834
0.597032
0.59623
0.595426
0.594623
0.593818
0.593014
0.592208
0.591402
0.590595
0.589788
0.58898
0.588172
0.587363
0.586553
0.585743
0.584932
0.584121
0.583309
0.582496
0.581683
0.580869
0.580055
0.57924
0.578425
0.577609
0.576792
0.575975
0.575157
0.574339
0.57352
0.572701
0.57188
0.57106
0.570239
0.569417
0.568595
0.567772
0.566948
0.566124
0.5653
0.564474
0.563649
0.562822
0.561995
0.561168
0.56034
0.559512
0.558682
0.557853
0.557023
0.556192
0.55536
0.554529
0.553696
0.552863
0.55203
0.551195
0.550361
0.549526
0.54869
0.547854
0.547017
0.546179
0.545341
0.544503
0.543664
0.542824
0.541984
0.541144
0.540302
0.539461
0.538618
0.537775
0.536932
0.536088
0.535244
0.534399
0.533553
0.532707
0.531861
0.531014
0.530166
0.529318
0.528469
0.52762
0.52677
0.52592
0.525069
0.524218
0.523366
0.522514
0.521661
0.520807
0.519953
0.519099
0.518244
0.517388
0.516532
0.515676
0.514819
0.513961
0.513103
0.512245
0.511386
0.510526
0.509666
0.508805
0.507944
0.507082
0.50622
0.505358
0.504494
0.503631
0.502767
0.501902
0.501037
0.500171
0.499305
0.498438
0.497571
0.496703
0.495835
0.494967
0.494097
0.493228
0.492358
0.491487
0.490616
0.489744
0.488872
0.487999
0.487126
0.486253
0.485379
0.484504
0.483629
0.482754
0.481878
0.481001
0.480124
0.479247
0.478369
0.47749
0.476612
0.475732
0.474852
0.473972
0.473091
0.47221
0.471328
0.470446
0.469564
0.46868
0.467797
0.466913
0.466028
0.465143
0.464258
0.463372
0.462485
0.461599
0.460711
0.459823
0.458935
0.458046
0.457157
0.456268
0.455378
0.454487
0.453596
0.452705
0.451813
0.45092
0.450028
0.449134
0.448241
0.447347
0.446452
0.445557
0.444662
0.443766
0.442869
0.441972
0.441075
0.440177
0.439279
0.438381
0.437482
0.436582
0.435682
0.434782
0.433881
0.43298
0.432079
0.431177
0.430274
0.429371
0.428468
0.427564
0.42666
0.425755
0.42485
0.423945
0.423039
0.422132
0.421226
0.420319
0.419411
0.418503
0.417595
0.416686
0.415776
0.414867
0.413957
0.413046
0.412135
0.411224
0.410312
0.4094
0.408487
0.407574
0.406661
0.405747
0.404833
0.403919
0.403004
0.402088
0.401172
0.400256
0.39934
0.398423
0.397505
0.396587
0.395669
0.394751
0.393832
0.392912
0.391992
0.391072
0.390152
0.389231
0.388309
0.387388
0.386466
0.385543
0.38462
0.383697
0.382773
0.381849
0.380925
0.38
0.379075
0.378149
0.377223
0.376297
0.37537
0.374443
0.373516
0.372588
0.37166
0.370731
0.369802
0.368873
0.367943
0.367013
0.366083
0.365152
0.364221
0.36329
0.362358
0.361426
0.360493
0.35956
0.358627
0.357693
0.356759
0.355825
0.35489
0.353955
0.353019
0.352084
0.351147
0.350211
0.349274
0.348337
0.347399
0.346461
0.345523
0.344585
0.343646
0.342706
0.341767
0.340827
0.339887
0.338946
0.338005
0.337064
0.336122
0.33518
0.334238
0.333295
0.332352
0.331409
0.330465
0.329521
0.328577
0.327632
0.326687
0.325742
0.324796
0.32385
0.322904
0.321957
0.321011
0.320063
0.319116
0.318168
0.31722
0.316271
0.315322
0.314373
0.313424
0.312474
0.311524
0.310574
0.309623
0.308672
0.30772
0.306769
0.305817
0.304865
0.303912
0.302959
0.302006
0.301053
0.300099
0.299145
0.29819
0.297236
0.296281
0.295326
0.29437
0.293414
0.292458
0.291502
0.290545
0.289588
0.288631
0.287673
0.286715
0.285757
0.284799
0.28384
0.282881
0.281922
0.280962
0.280002
0.279042
0.278082
0.277121
0.27616
0.275199
0.274237
0.273275
0.272313
0.271351
0.270388
0.269425
0.268462
0.267499
0.266535
0.265571
0.264607
0.263642
0.262678
0.261713
0.260747
0.259782
0.258816
0.25785
0.256884
0.255917
0.25495
0.253983
0.253016
0.252048
0.25108
0.250112
0.249144
0.248175
0.247207
0.246238
0.245268
0.244299
0.243329
0.242359
0.241388
0.240418
0.239447
0.238476
0.237505
0.236533
0.235562
0.23459
0.233617
0.232645
0.231672
0.230699
0.229726
0.228753
0.227779
0.226805
0.225831
0.224857
0.223883
0.222908
0.221933
0.220958
0.219982
0.219007
0.218031
0.217055
0.216079
0.215102
0.214125
0.213148
0.212171
0.211194
0.210216
0.209239
0.208261
0.207283
0.206304
0.205326
0.204347
0.203368
0.202389
0.201409
0.20043
0.19945
0.19847
0.19749
0.196509
0.195529
0.194548
0.193567
0.192586
0.191604
0.190623
0.189641
0.188659
0.187677
0.186694
0.185712
0.184729
0.183746
0.182763
0.18178
0.180797
0.179813
0.178829
0.177845
0.176861
0.175877
0.174892
0.173908
0.172923
0.171938
0.170953
0.169967
0.168982
0.167996
0.16701
0.166024
0.165038
0.164051
0.163065
0.162078
0.161091
0.160104
0.159117
0.15813
0.157142
0.156155
0.155167
0.154179
0.153191
0.152202
0.151214
0.150225
0.149237
0.148248
0.147259
0.14627
0.14528
0.144291
0.143301
0.142312
0.141322
0.140332
0.139341
0.138351
0.137361
0.13637
0.135379
0.134388
0.133397
0.132406
0.131415
0.130424
0.129432
0.128441
0.127449
0.126457
0.125465
0.124473
0.12348
0.122488
0.121495
0.120503
0.11951
0.118517
0.117524
0.116531
0.115538
0.114544
0.113551
0.112557
0.111564
0.11057
0.109576
0.108582
0.107588
0.106593
0.105599
0.104605
0.10361
0.102615
0.101621
0.100626
0.0996308
0.0986357
0.0976405
0.0966452
0.0956499
0.0946544
0.0936589
0.0926632
0.0916675
0.0906716
0.0896757
0.0886797
0.0876836
0.0866874
0.0856911
0.0846947
0.0836983
0.0827018
0.0817051
0.0807084
0.0797117
0.0787148
0.0777179
0.0767209
0.0757238
0.0747266
0.0737294
0.072732
0.0717347
0.0707372
0.0697397
0.0687421
0.0677444
0.0667467
0.0657489
0.064751
0.0637531
0.0627551
0.061757
0.0607589
0.0597607
0.0587625
0.0577642
0.0567658
0.0557674
0.0547689
0.0537704
0.0527718
0.0517732
0.0507745
0.0497757
0.048777
0.0477781
0.0467792
0.0457803
0.0447813
0.0437823
0.0427833
0.0417842
0.040785
0.0397858
0.0387866
0.0377873
0.036788
0.0357887
0.0347893
0.0337899
0.0327904
0.031791
0.0307915
0.0297919
0.0287923
0.0277927
0.0267931
0.0257935
0.0247938
0.0237941
0.0227944
0.0217946
0.0207948
0.019795
0.0187952
0.0177954
0.0167955
0.0157957
0.0147958
0.0137959
0.012796
0.0117961
0.0107961
0.00979617
0.00879621
0.00779625
0.00679627
0.00579629
0.00479631
0.00379632
0.00279632
0.00179633
0.000796327
-0.000203673
-0.00120367
-0.00220367
-0.00320367
-0.00420366
-0.00520365
-0.00620363
-0.00720361
-0.00820358
-0.00920354
-0.0102035
-0.0112034
-0.0122034
-0.0132033
-0.0142032
-0.0152031
-0.016203
-0.0172028
-0.0182027
-0.0192025
-0.0202023
-0.0212021
-0.0222018
-0.0232016
-0.0242013
-0.025201
-0.0262007
-0.0272003
-0.0281999
-0.0291995
-0.0301991
-0.0311986
-0.0321981
-0.0331976
-0.034197
-0.0351964
-0.0361958
-0.0371951
-0.0381944
-0.0391936
-0.0401928
-0.041192
-0.0421911
-0.0431902
-0.0441893
-0.0451883
-0.0461872
-0.0471861
-0.048185
-0.0491838
-0.0501826
-0.0511813
-0.05218
-0.0531786
-0.0541771
-0.0551756
-0.0561741
-0.0571725
-0.0581708
-0.0591691
-0.0601673
-0.0611655
-0.0621636
-0.0631616
-0.0641596
-0.0651575
-0.0661553
-0.0671531
-0.0681508
-0.0691484
-0.070146
-0.0711435
-0.072141
-0.0731383
-0.0741356
-0.0751328
-0.0761299
-0.077127
-0.078124
-0.0791209
-0.0801177
-0.0811145
-0.0821111
-0.0831077
-0.0841042
-0.0851006
-0.0860969
-0.0870932
-0.0880893
-0.0890854
-0.0900814
-0.0910773
-0.0920731
-0.0930688
-0.0940644
-0.0950599
-0.0960553
-0.0970507
-0.0980459
-0.099041
-0.100036
-0.101031
-0.102026
-0.103021
-0.104015
-0.10501
-0.106004
-0.106998
-0.107993
-0.108987
-0.109981
-0.110975
-0.111968
-0.112962
-0.113956
-0.114949
-0.115942
-0.116936
-0.117929
-0.118922
-0.119914
-0.120907
-0.1219
-0.122892
-0.123885
-0.124877
-0.125869
-0.126861
-0.127853
-0.128844
-0.129836
-0.130828
-0.131819
-0.13281
-0.133801
-0.134792
-0.135783
-0.136774
-0.137764
-0.138755
-0.139745
-0.140735
-0.141725
-0.142715
-0.143704
-0.144694
-0.145683
-0.146673
-0.147662
-0.148651
-0.14964
-0.150628
-0.151617
-0.152605
-0.153593
-0.154581
-0.155569
-0.156557
-0.157545
-0.158532
-0.159519
-0.160506
-0.161493
-0.16248
-0.163467
-0.164453
-0.16544
-0.166426
-0.167412
-0.168397
-0.169383
-0.170369
-0.171354
-0.172339
-0.173324
-0.174309
-0.175293
-0.176278
-0.177262
-0.178246
-0.17923
-0.180214
-0.181197
-0.182181
-0.183164
-0.184147
-0.18513
-0.186112
-0.187095
-0.188077
-0.189059
-0.190041
-0.191022
-0.192004
-0.192985
-0.193966
-0.194947
-0.195928
-0.196908
-0.197889
-0.198869
-0.199849
-0.200829
-0.201808
-0.202787
-0.203767
-0.204745
-0.205724
-0.206703
-0.207681
-0.208659
-0.209637
-0.210615
-0.211592
-0.212569
-0.213546
-0.214523
-0.2155
-0.216476
-0.217452
-0.218428
-0.219404
-0.22038
-0.221355
-0.22233
-0.223305
-0.22428
-0.225254
-0.226228
-0.227202
-0.228176
-0.229149
-0.230123
-0.231096
-0.232068
-0.233041
-0.234013
-0.234986
-0.235957
-0.236929
-0.2379
-0.238872
-0.239843
-0.240813
-0.241784
-0.242754
-0.243724
-0.244694
-0.245663
-0.246632
-0.247601
-0.24857
-0.249539
-0.250507
-0.251475
-0.252442
-0.25341
-0.254377
-0.255344
-0.256311
-0.257277
-0.258244
-0.25921
-0.260175
-0.261141
-0.262106
-0.263071
-0.264035
-0.265
-0.265964
-0.266928
-0.267891
-0.268855
-0.269818
-0.27078
-0.271743
-0.272705
-0.273667
-0.274629
-0.27559
-0.276551
-0.277512
-0.278473
-0.279433
-0.280393
-0.281353
-0.282312
-0.283272
-0.28423
-0.285189
-0.286147
-0.287105
-0.288063
-0.289021
-0.289978
-0.290935
-0.291891
-0.292848
-0.293804
-0.294759
-0.295715
-0.29667
-0.297625
-0.298579
-0.299534
-0.300487
-0.301441
-0.302394
-0.303347
-0.3043
-0.305253
-0.306205
-0.307157
-0.308108
-0.309059
-0.31001
-0.310961
-0.311911
-0.312861
-0.313811
-0.31476
-0.315709
-0.316658
-0.317606
-0.318554
-0.319502
-0.320449
-0.321396
-0.322343
-0.32329
-0.324236
-0.325182
-0.326127
-0.327072
-0.328017
-0.328962
-0.329906
-0.33085
-0.331793
-0.332736
-0.333679
-0.334622
-0.335564
-0.336506
-0.337447
-0.338388
-0.339329
-0.34027
-0.34121
-0.34215
-0.343089
-0.344028
-0.344967
-0.345905
-0.346844
-0.347781
-0.348719
-0.349656
-0.350592
-0.351529
-0.352465
-0.3534
-0.354336
-0.355271
-0.356205
-0.35714
-0.358073
-0.359007
-0.35994
-0.360873
-0.361805
-0.362737
-0.363669
-0.3646
-0.365531
-0.366462
-0.367392
-0.368322
-0.369252
-0.370181
-0.37111
-0.372038
-0.372966
-0.373894
-0.374821
-0.375748
-0.376674
-0.377601
-0.378526
-0.379452
-0.380377
-0.381301
-0.382226
-0.38315
-0.384073
-0.384996
-0.385919
-0.386841
-0.387763
-0.388685
-0.389606
-0.390527
-0.391447
-0.392367
-0.393287
-0.394206
-0.395125
-0.396043
-0.396961
-0.397879
-0.398796
-0.399713
-0.400629
-0.401545
-0.402461
-0.403376
-0.404291
-0.405206
-0.40612
-0.407033
-0.407946
-0.408859
-0.409772
-0.410684
-0.411595
-0.412506
-0.413417
-0.414327
-0.415237
-0.416147
-0.417056
