0
0.001
0.002
0.003
0.00399999
0.00499998
0.00599996
0.00699994
0.00799991
0.00899988
0.00999983
0.0109998
0.0119997
0.0129996
0.0139995
0.0149994
0.0159993
0.0169992
0.017999
0.0189989
0.0199987
0.0209985
0.0219982
0.022998
0.0239977
0.0249974
0.0259971
0.0269967
0.0279963
0.0289959
0.0299955
0.030995
0.0319945
0.032994
0.0339934
0.0349929
0.0359922
0.0369916
0.0379909
0.0389901
0.0399893
0.0409885
0.0419877
0.0429868
0.0439858
0.0449848
0.0459838
0.0469827
0.0479816
0.0489804
0.0499792
0.0509779
0.0519766
0.0529752
0.0539738
0.0549723
0.0559707
0.0569691
0.0579675
0.0589658
0.059964
0.0609622
0.0619603
0.0629583
0.0639563
0.0649542
0.0659521
0.0669499
0.0679476
0.0689453
0.0699428
0.0709404
0.0719378
0.0729352
0.0739325
0.0749297
0.0759269
0.0769239
0.0779209
0.0789179
0.0799147
0.0809115
0.0819081
0.0829047
0.0839013
0.0848977
0.085894
0.0868903
0.0878865
0.0888826
0.0898785
0.0908745
0.0918703
0.092866
0.0938616
0.0948572
0.0958526
0.096848
0.0978432
0.0988384
0.0998334
0.100828
0.101823
0.102818
0.103813
0.104807
0.105802
0.106796
0.10779
0.108784
0.109778
0.110772
0.111766
0.11276
0.113753
0.114747
0.11574
0.116733
0.117726
0.118719
0.119712
0.120705
0.121698
0.12269
0.123682
0.124675
0.125667
0.126659
0.127651
0.128643
0.129634
0.130626
0.131617
0.132608
0.133599
0.13459
0.135581
0.136572
0.137562
0.138553
0.139543
0.140533
0.141523
0.142513
0.143503
0.144492
0.145482
0.146471
0.14746
0.148449
0.149438
0.150427
0.151415
0.152404
0.153392
0.15438
0.155368
0.156356
0.157343
0.158331
0.159318
0.160305
0.161292
0.162279
0.163266
0.164252
0.165239
0.166225
0.167211
0.168197
0.169182
0.170168
0.171153
0.172138
0.173123
0.174108
0.175093
0.176077
0.177062
0.178046
0.17903
0.180013
0.180997
0.18198
0.182964
0.183947
0.184929
0.185912
0.186895
0.187877
0.188859
0.189841
0.190823
0.191804
0.192785
0.193767
0.194747
0.195728
0.196709
0.197689
0.198669
0.199649
0.200629
0.201609
0.202588
0.203567
0.204546
0.205525
0.206503
0.207482
0.20846
0.209438
0.210416
0.211393
0.21237
0.213347
0.214324
0.215301
0.216277
0.217254
0.21823
0.219205
0.220181
0.221156
0.222131
0.223106
0.224081
0.225056
0.22603
0.227004
0.227978
0.228951
0.229924
0.230897
0.23187
0.232843
0.233815
0.234788
0.235759
0.236731
0.237703
0.238674
0.239645
0.240616
0.241586
0.242556
0.243526
0.244496
0.245466
0.246435
0.247404
0.248373
0.249341
0.25031
0.251278
0.252245
0.253213
0.25418
0.255147
0.256114
0.257081
0.258047
0.259013
0.259979
0.260944
0.261909
0.262874
0.263839
0.264803
0.265768
0.266731
0.267695
0.268658
0.269622
0.270584
0.271547
0.272509
0.273471
0.274433
0.275394
0.276356
0.277317
0.278277
0.279238
0.280198
0.281157
0.282117
0.283076
0.284035
0.284994
0.285952
0.28691
0.287868
0.288826
0.289783
0.29074
0.291697
0.292653
0.293609
0.294565
0.29552
0.296475
0.29743
0.298385
0.299339
0.300293
0.301247
0.3022
0.303153
0.304106
0.305059
0.306011
0.306963
0.307914
0.308866
0.309816
0.310767
0.311717
0.312667
0.313617
0.314567
0.315516
0.316464
0.317413
0.318361
0.319309
0.320256
0.321203
0.32215
0.323097
0.324043
0.324989
0.325934
0.32688
0.327825
0.328769
0.329713
0.330657
0.331601
0.332544
0.333487
0.33443
0.335372
0.336314
0.337255
0.338197
0.339138
0.340078
0.341018
0.341958
0.342898
0.343837
0.344776
0.345714
0.346653
0.34759
0.348528
0.349465
0.350402
0.351338
0.352274
0.35321
0.354145
0.35508
0.356015
0.356949
0.357883
0.358817
0.35975
0.360683
0.361615
0.362548
0.363479
0.364411
0.365342
0.366273
0.367203
0.368133
0.369062
0.369992
0.37092
0.371849
0.372777
0.373705
0.374632
0.375559
0.376486
0.377412
0.378338
0.379263
0.380188
0.381113
0.382037
0.382961
0.383885
0.384808
0.385731
0.386653
0.387575
0.388497
0.389418
0.390339
0.39126
0.39218
0.393099
0.394019
0.394938
0.395856
0.396774
0.397692
0.398609
0.399526
0.400443
0.401359
0.402275
0.40319
0.404105
0.405019
0.405933
0.406847
0.40776
0.408673
0.409586
0.410498
0.41141
0.412321
0.413232
0.414142
0.415052
0.415962
0.416871
0.41778
0.418688
0.419596
0.420503
0.42141
0.422317
0.423223
0.424129
0.425035
0.425939
0.426844
0.427748
0.428652
0.429555
0.430458
0.43136
0.432262
0.433164
0.434065
0.434966
0.435866
0.436766
0.437665
0.438564
0.439462
0.44036
0.441258
0.442155
0.443052
0.443948
0.444844
0.445739
0.446634
0.447529
0.448423
0.449316
0.45021
0.451102
0.451994
0.452886
0.453778
0.454669
0.455559
0.456449
0.457338
0.458228
0.459116
0.460004
0.460892
0.461779
0.462666
0.463552
0.464438
0.465323
0.466208
0.467093
0.467977
0.46886
0.469743
0.470626
0.471508
0.47239
0.473271
0.474151
0.475032
0.475911
0.476791
0.477669
0.478548
0.479426
0.480303
0.48118
0.482056
0.482932
0.483807
0.484682
0.485557
0.486431
0.487304
0.488177
0.48905
0.489922
0.490793
0.491664
0.492535
0.493405
0.494274
0.495144
0.496012
0.49688
0.497748
0.498615
0.499481
0.500347
0.501213
0.502078
0.502943
0.503807
0.50467
0.505533
0.506396
0.507258
0.508119
0.508981
0.509841
0.510701
0.511561
0.51242
0.513278
0.514136
0.514993
0.51585
0.516707
0.517563
0.518418
0.519273
0.520127
0.520981
0.521834
0.522687
0.523539
0.524391
0.525242
0.526093
0.526943
0.527793
0.528642
0.529491
0.530339
0.531186
0.532033
0.53288
0.533726
0.534571
0.535416
0.53626
0.537104
0.537947
0.53879
0.539632
0.540474
0.541315
0.542155
0.542995
0.543835
0.544674
0.545512
0.54635
0.547187
0.548024
0.54886
0.549696
0.550531
0.551365
0.552199
0.553033
0.553866
0.554698
0.55553
0.556361
0.557192
0.558022
0.558851
0.55968
0.560509
0.561337
0.562164
0.562991
0.563817
0.564642
0.565468
0.566292
0.567116
0.567939
0.568762
0.569584
0.570406
0.571227
0.572048
0.572867
0.573687
0.574506
0.575324
0.576141
0.576959
0.577775
0.578591
0.579406
0.580221
0.581035
0.581849
0.582662
0.583474
0.584286
0.585097
0.585908
0.586718
0.587528
0.588336
0.589145
0.589952
0.59076
0.591566
0.592372
0.593178
0.593982
0.594786
0.59559
0.596393
0.597195
0.597997
0.598798
0.599599
0.600399
0.601198
0.601997
0.602795
0.603593
0.60439
0.605186
0.605982
0.606777
0.607572
0.608366
0.609159
0.609952
0.610744
0.611536
0.612327
0.613117
0.613907
0.614696
0.615484
0.616272
0.617059
0.617846
0.618632
0.619417
0.620202
0.620986
0.621769
0.622552
0.623335
0.624116
0.624897
0.625678
0.626457
0.627237
0.628015
0.628793
0.62957
0.630347
0.631123
0.631898
0.632673
0.633447
0.634221
0.634993
0.635766
0.636537
0.637308
0.638078
0.638848
0.639617
0.640385
0.641153
0.64192
0.642687
0.643453
0.644218
0.644982
0.645746
0.646509
0.647272
0.648034
0.648795
0.649556
0.650316
0.651075
0.651834
0.652592
0.653349
0.654106
0.654862
0.655617
0.656372
0.657126
0.65788
0.658633
0.659385
0.660136
0.660887
0.661637
0.662387
0.663135
0.663884
0.664631
0.665378
0.666124
0.66687
0.667614
0.668359
0.669102
0.669845
0.670587
0.671329
0.672069
0.67281
0.673549
0.674288
0.675026
0.675763
0.6765
0.677236
0.677972
0.678707
0.679441
0.680174
0.680907
0.681639
0.68237
0.683101
0.683831
0.68456
0.685289
0.686017
0.686744
0.68747
0.688196
0.688921
0.689646
0.69037
0.691093
0.691815
0.692537
0.693258
0.693978
0.694698
0.695417
0.696135
0.696853
0.69757
0.698286
0.699001
0.699716
0.70043
0.701144
0.701856
0.702568
0.703279
0.70399
0.7047
0.705409
0.706117
0.706825
0.707532
0.708239
0.708944
0.709649
0.710353
0.711057
0.71176
0.712462
0.713163
0.713864
0.714564
0.715263
0.715961
0.716659
0.717356
0.718052
0.718748
0.719443
0.720137
0.720831
0.721523
0.722215
0.722907
0.723597
0.724287
0.724976
0.725665
0.726352
0.727039
0.727726
0.728411
0.729096
0.72978
0.730463
0.731146
0.731828
0.732509
0.733189
0.733869
0.734548
0.735226
0.735903
0.73658
0.737256
0.737931
0.738606
0.73928
0.739953
0.740625
0.741297
0.741967
0.742637
0.743307
0.743975
0.744643
0.74531
0.745977
0.746642
0.747307
0.747971
0.748634
0.749297
0.749959
0.75062
0.75128
0.75194
0.752599
0.753257
0.753914
0.754571
0.755227
0.755882
0.756536
0.75719
0.757843
0.758495
0.759146
0.759796
0.760446
0.761095
0.761744
0.762391
0.763038
0.763684
0.764329
0.764973
0.765617
0.76626
0.766902
0.767544
0.768184
0.768824
0.769463
0.770101
0.770739
0.771376
0.772012
0.772647
0.773281
0.773915
0.774548
0.77518
0.775811
0.776442
0.777072
0.777701
0.778329
0.778956
0.779583
0.780209
0.780834
0.781459
0.782082
0.782705
0.783327
0.783948
0.784569
0.785188
0.785807
0.786425
0.787042
0.787659
0.788275
0.78889
0.789504
0.790117
0.79073
0.791341
0.791952
0.792563
0.793172
0.793781
0.794388
0.794995
0.795602
0.796207
0.796812
0.797415
0.798019
0.798621
0.799222
0.799823
0.800423
0.801022
0.80162
0.802217
0.802814
0.80341
0.804005
0.804599
0.805192
0.805785
0.806377
0.806968
0.807558
0.808147
0.808736
0.809324
0.809911
0.810497
0.811082
0.811667
0.812251
0.812833
0.813416
0.813997
0.814577
0.815157
0.815736
0.816314
0.816891
0.817467
0.818043
0.818618
0.819192
0.819765
0.820337
0.820908
0.821479
0.822049
0.822618
0.823186
0.823753
0.82432
0.824886
0.825451
0.826015
0.826578
0.82714
0.827702
0.828263
0.828823
0.829382
0.82994
0.830497
0.831054
0.83161
0.832165
0.832719
0.833272
0.833825
0.834376
0.834927
0.835477
0.836026
0.836574
0.837122
0.837668
0.838214
0.838759
0.839303
0.839846
0.840389
0.84093
0.841471
0.842011
0.84255
0.843088
0.843625
0.844162
0.844698
0.845232
0.845766
0.8463
0.846832
0.847363
0.847894
0.848424
0.848953
0.849481
0.850008
0.850534
0.85106
0.851584
0.852108
0.852631
0.853153
0.853674
0.854195
0.854714
0.855233
0.855751
0.856268
0.856784
0.857299
0.857813
0.858327
0.85884
0.859351
0.859862
0.860372
0.860882
0.86139
0.861898
0.862404
0.86291
0.863415
0.863919
0.864422
0.864925
0.865426
0.865927
0.866426
0.866925
0.867423
0.86792
0.868417
0.868912
0.869407
0.8699
0.870393
0.870885
0.871376
0.871866
0.872355
0.872844
0.873331
0.873818
0.874304
0.874789
0.875273
0.875756
0.876239
0.87672
0.877201
0.87768
0.878159
0.878637
0.879114
0.87959
0.880065
0.88054
0.881013
0.881486
0.881958
0.882429
0.882899
0.883368
0.883836
0.884303
0.88477
0.885235
0.8857
0.886164
0.886627
0.887089
0.88755
0.88801
0.88847
0.888928
0.889386
0.889843
0.890298
0.890753
0.891207
0.891661
0.892113
0.892564
0.893015
0.893464
0.893913
0.894361
0.894808
0.895254
0.895699
0.896143
0.896586
0.897029
0.89747
0.897911
0.898351
0.898789
0.899227
0.899664
0.9001
0.900536
0.90097
0.901403
0.901836
0.902268
0.902698
0.903128
0.903557
0.903985
0.904412
0.904838
0.905264
0.905688
0.906112
0.906534
0.906956
0.907377
0.907796
0.908215
0.908633
0.909051
0.909467
0.909882
0.910297
0.91071
0.911123
0.911534
0.911945
0.912355
0.912764
0.913172
0.913579
0.913985
0.914391
0.914795
0.915198
0.915601
0.916003
0.916403
0.916803
0.917202
0.9176
0.917997
0.918393
0.918788
0.919183
0.919576
0.919968
0.92036
0.920751
0.92114
0.921529
0.921917
0.922304
0.92269
0.923075
0.923459
0.923842
0.924225
0.924606
0.924986
0.925366
0.925745
0.926122
0.926499
0.926875
0.92725
0.927624
0.927997
0.928369
0.92874
0.92911
0.92948
0.929848
0.930216
0.930582
0.930948
0.931313
0.931676
0.932039
0.932401
0.932762
0.933122
0.933481
0.933839
0.934196
0.934553
0.934908
0.935263
0.935616
0.935969
0.93632
0.936671
0.937021
0.937369
0.937717
0.938064
0.93841
0.938755
0.939099
0.939443
0.939785
0.940126
0.940466
0.940806
0.941144
0.941482
0.941818
0.942154
0.942489
0.942823
0.943155
0.943487
0.943818
0.944148
0.944477
0.944805
0.945133
0.945459
0.945784
0.946108
0.946432
0.946754
0.947076
0.947396
0.947716
0.948034
0.948352
0.948669
0.948985
0.949299
0.949613
0.949926
0.950238
0.950549
0.950859
0.951169
0.951477
0.951784
0.95209
0.952396
0.9527
0.953004
0.953306
0.953608
0.953908
0.954208
0.954506
0.954804
0.955101
0.955397
0.955692
0.955985
0.956278
0.95657
0.956861
0.957151
0.957441
0.957729
0.958016
0.958302
0.958587
0.958872
0.959155
0.959437
0.959719
0.959999
0.960279
0.960557
0.960835
0.961112
0.961387
0.961662
0.961936
0.962209
0.96248
0.962751
0.963021
0.96329
0.963558
0.963825
0.964091
0.964356
0.96462
0.964884
0.965146
0.965407
0.965667
0.965927
0.966185
0.966442
0.966699
0.966954
0.967209
0.967462
0.967715
0.967966
0.968217
0.968466
0.968715
0.968963
0.96921
0.969455
0.9697
0.969944
0.970187
0.970429
0.970669
0.970909
0.971148
0.971386
0.971623
0.971859
0.972095
0.972329
0.972562
0.972794
0.973025
0.973255
0.973485
0.973713
0.97394
0.974166
0.974392
0.974616
0.97484
0.975062
0.975283
0.975504
0.975723
0.975942
0.976159
0.976376
0.976592
0.976806
0.97702
0.977232
0.977444
0.977655
0.977865
0.978073
0.978281
0.978488
0.978694
0.978899
0.979102
0.979305
0.979507
0.979708
0.979908
0.980107
0.980305
0.980502
0.980698
0.980893
0.981087
0.98128
0.981472
0.981663
0.981854
0.982043
0.982231
0.982418
0.982604
0.982789
0.982974
0.983157
0.983339
0.983521
0.983701
0.98388
0.984058
0.984236
0.984412
0.984588
0.984762
0.984935
0.985108
0.985279
0.98545
0.985619
0.985788
0.985955
0.986122
0.986287
0.986452
0.986615
0.986778
0.98694
0.9871
0.98726
0.987418
0.987576
0.987733
0.987888
0.988043
0.988197
0.988349
0.988501
0.988652
0.988801
0.98895
0.989098
0.989245
0.989391
0.989535
0.989679
0.989822
0.989964
0.990105
0.990244
0.990383
0.990521
0.990658
0.990794
0.990929
0.991063
0.991196
0.991327
0.991458
0.991588
0.991717
0.991845
0.991972
0.992098
0.992223
0.992347
0.99247
0.992592
0.992713
0.992833
0.992952
0.99307
0.993187
0.993303
0.993418
0.993532
0.993645
0.993757
0.993868
0.993978
0.994088
0.994196
0.994303
0.994409
0.994514
0.994618
0.994721
0.994823
0.994924
0.995024
0.995124
0.995222
0.995319
0.995415
0.99551
0.995604
0.995698
0.99579
0.995881
0.995971
0.99606
0.996148
0.996236
0.996322
0.996407
0.996491
0.996574
0.996657
0.996738
0.996818
0.996897
0.996975
0.997053
0.997129
0.997204
0.997278
0.997352
0.997424
0.997495
0.997565
0.997634
0.997703
0.99777
0.997836
0.997901
0.997966
0.998029
0.998091
0.998152
0.998213
0.998272
0.99833
0.998388
0.998444
0.998499
0.998553
0.998607
0.998659
0.99871
0.99876
0.99881
0.998858
0.998905
0.998952
0.998997
0.999041
0.999084
0.999127
0.999168
0.999208
0.999248
0.999286
0.999323
0.999359
0.999395
0.999429
0.999462
0.999495
0.999526
0.999556
0.999585
0.999614
0.999641
0.999667
0.999693
0.999717
0.99974
0.999762
0.999784
0.999804
0.999823
0.999842
0.999859
0.999875
0.999891
0.999905
0.999918
0.99993
0.999942
0.999952
0.999961
0.99997
0.999977
0.999983
0.999988
0.999993
0.999996
0.999998
1
1
0.999999
0.999998
0.999995
0.999991
0.999986
0.999981
0.999974
0.999966
0.999958
0.999948
0.999937
0.999926
0.999913
0.999899
0.999884
0.999869
0.999852
0.999834
0.999816
0.999796
0.999775
0.999754
0.999731
0.999707
0.999682
0.999657
0.99963
0.999602
0.999574
0.999544
0.999513
0.999482
0.999449
0.999415
0.99938
0.999345
0.999308
0.99927
0.999232
0.999192
0.999151
0.99911
0.999067
0.999023
0.998978
0.998933
0.998886
0.998838
0.99879
0.99874
0.998689
0.998638
0.998585
0.998531
0.998477
0.998421
0.998364
0.998307
0.998248
0.998188
0.998128
0.998066
0.998003
0.99794
0.997875
0.997809
0.997743
0.997675
0.997606
0.997537
0.997466
0.997394
0.997322
0.997248
0.997174
0.997098
0.997021
0.996944
0.996865
0.996785
0.996705
0.996623
0.996541
0.996457
0.996372
0.996287
0.9962
0.996113
0.996024
0.995934
0.995844
0.995752
0.99566
0.995566
0.995472
0.995376
0.995279
0.995182
0.995083
0.994984
0.994883
0.994782
0.994679
0.994576
0.994471
0.994366
0.994259
0.994152
0.994043
0.993934
0.993823
0.993712
0.993599
0.993486
0.993371
0.993256
0.99314
0.993022
0.992904
0.992784
0.992664
0.992542
0.99242
0.992297
0.992172
0.992047
0.991921
0.991793
0.991665
0.991535
0.991405
0.991274
0.991142
0.991008
0.990874
0.990739
0.990602
0.990465
0.990327
0.990188
0.990047
0.989906
0.989764
0.989621
0.989476
0.989331
0.989185
0.989038
0.98889
0.988741
0.98859
0.988439
0.988287
0.988134
0.98798
0.987825
0.987669
0.987512
0.987354
0.987195
0.987035
0.986874
0.986712
0.986549
0.986385
0.98622
0.986054
0.985887
0.985719
0.98555
0.98538
0.98521
0.985038
0.984865
0.984691
0.984516
0.98434
0.984164
0.983986
0.983807
0.983627
0.983447
0.983265
0.983082
0.982899
0.982714
0.982529
0.982342
0.982154
0.981966
0.981776
0.981586
0.981394
0.981202
0.981008
0.980814
0.980618
0.980422
0.980224
0.980026
0.979827
0.979626
0.979425
0.979223
0.97902
0.978815
0.97861
0.978404
0.978197
0.977988
0.977779
0.977569
0.977358
0.977146
0.976933
0.976719
0.976504
0.976288
0.976071
0.975853
0.975634
0.975414
0.975193
0.974971
0.974749
0.974525
0.9743
0.974074
0.973848
0.97362
0.973391
0.973162
0.972931
0.972699
0.972467
0.972233
0.971999
0.971763
0.971527
0.97129
0.971051
0.970812
0.970571
0.97033
0.970088
0.969845
0.9696
0.969355
0.969109
0.968862
0.968614
0.968365
0.968115
0.967864
0.967612
0.967359
0.967105
0.96685
0.966594
0.966338
0.96608
0.965821
0.965561
0.965301
0.965039
0.964777
0.964513
0.964248
0.963983
0.963717
0.963449
0.963181
0.962911
0.962641
0.96237
0.962098
0.961824
0.96155
0.961275
0.960999
0.960722
0.960444
0.960165
0.959885
0.959604
0.959323
0.95904
0.958756
0.958471
0.958186
0.957899
0.957611
0.957323
0.957033
0.956743
0.956451
0.956159
0.955866
0.955572
0.955276
0.95498
0.954683
0.954385
0.954086
0.953786
0.953485
0.953183
0.95288
0.952576
0.952271
0.951966
0.951659
0.951351
0.951043
0.950733
0.950423
0.950111
0.949799
0.949486
0.949171
0.948856
0.94854
0.948223
0.947905
0.947586
0.947266
0.946945
0.946623
0.9463
0.945976
0.945652
0.945326
0.944999
0.944672
0.944343
0.944014
0.943684
0.943352
0.94302
0.942687
0.942353
0.942017
0.941681
0.941344
0.941007
0.940668
0.940328
0.939987
0.939645
0.939303
0.938959
0.938615
0.938269
0.937923
0.937576
0.937227
0.936878
0.936528
0.936177
0.935825
0.935472
0.935118
0.934763
0.934408
0.934051
0.933693
0.933335
0.932975
0.932615
0.932254
0.931891
0.931528
0.931164
0.930799
0.930433
0.930066
0.929698
0.929329
0.92896
0.928589
0.928217
0.927845
0.927472
0.927097
0.926722
0.926346
0.925969
0.925591
0.925212
0.924832
0.924451
0.924069
0.923686
0.923303
0.922918
0.922533
0.922146
0.921759
0.921371
0.920982
0.920592
0.920201
0.919809
0.919416
0.919022
0.918627
0.918232
0.917835
0.917438
0.91704
0.91664
0.91624
0.915839
0.915437
0.915034
0.91463
0.914226
0.91382
0.913413
0.913006
0.912597
0.912188
0.911778
0.911367
0.910955
0.910542
0.910128
0.909713
0.909297
0.908881
